3.912023e+00
3.912023e+00
3.912023e+00
3.912023e+00
3.912023e+00
3.912023e+00
3.912023e+00
3.912023e+00
3.912023e+00
3.912023e+00
3.912023e+00
3.912023e+00
3.912023e+00
3.912023e+00
3.912023e+00
3.912023e+00
3.912023e+00
3.912023e+00
3.912023e+00
3.912023e+00
3.912023e+00
3.912023e+00
3.912023e+00
3.912023e+00
3.912023e+00
3.912023e+00
3.912023e+00
3.912023e+00
3.912023e+00
3.912023e+00
3.912023e+00
3.912023e+00
3.912023e+00
3.912023e+00
3.912023e+00
3.912023e+00
3.912023e+00
3.912023e+00
3.912023e+00
3.912023e+00
3.912023e+00
3.912023e+00
3.912023e+00
3.912023e+00
3.912023e+00
3.912023e+00
3.912023e+00
3.912023e+00
3.912023e+00
3.912023e+00
3.912023e+00
3.912023e+00
3.912023e+00
3.912023e+00
3.912023e+00
3.912023e+00
3.912023e+00
3.912023e+00
3.912023e+00
3.912023e+00
3.912023e+00
3.912023e+00
3.912023e+00
3.912023e+00
3.912023e+00
3.912023e+00
3.912023e+00
3.912023e+00
3.912023e+00
3.912023e+00
3.912023e+00
3.912023e+00
3.912023e+00
3.912023e+00
3.912023e+00
2.000000e-01
2.000000e-01
2.000000e-01
2.000000e-01
2.000000e-01
2.000000e-01
2.000000e-01
2.000000e-01
2.000000e-01
2.000000e-01
2.000000e-01
2.000000e-01
2.000000e-01
2.000000e-01
2.000000e-01
2.000000e-01
2.000000e-01
2.000000e-01
2.000000e-01
2.000000e-01
2.000000e-01
2.000000e-01
2.000000e-01
2.000000e-01
2.000000e-01
